0 60 85
1 52 50
2 41 44
3 40 29
4 42 48
5 44 29
6 41 28
7 44 29
8 46 47
9 48 30
10 52 30
11 54 29
12 70 29
13 66 29
14 55 29
15 57 30
16 60 48
17 63 29
18 66 29
19 67 29
20 67 30
21 69 29
22 68 29
23 69 30
24 69 30
25 77 29
26 74 29
27 74 29
28 81 29
29 83 29
30 82 29
31 82 29
32 85 49
33 82 34
34 88 33
35 88 34
36 102 34
37 97 34
38 93 34
39 95 34
40 100 34
41 102 33
42 102 34
43 103 34
44 103 32
45 105 32
46 106 33
47 102 33
48 105 34
49 103 34
50 103 33
51 102 34
52 108 32
53 108 34
54 110 34
55 109 34
56 113 34
57 113 34
58 111 34
59 114 32
60 116 34
61 117 32
62 115 34
63 121 33
64 117 49
65 120 34
66 119 34
67 126 34
68 127 34
69 128 34
70 124 34
71 130 34
72 130 34
73 133 34
74 135 34
75 133 34
76 136 34
77 135 35
78 132 36
79 139 34
80 142 34
81 141 34
82 142 36
83 144 36
84 147 34
85 145 34
86 144 35
87 147 34
88 150 36
89 151 34
90 151 34
91 154 34
92 152 34
93 155 34
94 157 34
95 154 34
96 155 34
97 154 34
98 157 34
99 158 34
100 154 34
