0 30.40340 50.98759 samples: 999 967
1 30.79425 28.22946 samples: 904 998
2 29.58534 28.52306 samples: 955 954
3 30.98050 28.48700 samples: 923 1000
4 33.92979 29.27455 samples: 997 998
5 34.83317 28.63226 samples: 995 998
6 34.26353 28.99363 samples: 998 942
7 36.57214 28.53200 samples: 998 1000
8 37.11794 30.07568 samples: 992 991
9 37.79279 29.78378 samples: 999 999
10 38.71084 29.68669 samples: 996 999
11 39.35980 29.30692 samples: 995 997
12 40.00000 29.29429 samples: 917 999
13 42.15145 29.97700 samples: 997 1000
14 42.42245 29.33028 samples: 980 981
15 43.54208 29.31331 samples: 998 999
16 44.69007 33.11623 samples: 997 998
17 46.02808 30.00847 samples: 997 944
18 47.03614 29.67200 samples: 996 1000
19 48.54664 30.19720 samples: 997 999
20 50.16917 31.67367 samples: 999 999
21 50.90572 29.80981 samples: 997 999
22 52.02808 29.26426 samples: 997 999
23 52.70352 31.61100 samples: 995 1000
24 54.25602 30.50483 samples: 996 931
25 55.23370 31.17100 samples: 997 1000
26 56.28150 29.62411 samples: 984 987
27 57.87864 30.31732 samples: 997 999
28 58.60080 31.80800 samples: 997 1000
29 59.72828 31.24169 samples: 990 993
30 60.92879 30.34068 samples: 997 998
31 62.41182 30.29459 samples: 998 998
32 63.35105 34.21221 samples: 997 999
33 64.71214 34.45600 samples: 997 1000
34 66.06633 34.11122 samples: 995 998
35 67.08753 33.95787 samples: 994 997
36 68.29347 34.32565 samples: 995 998
37 78.47021 35.66414 samples: 923 923
38 76.74496 33.90754 samples: 992 995
39 80.05466 34.25577 samples: 988 997
40 72.64523 34.10241 samples: 964 996
41 74.17017 34.68113 samples: 999 991
42 74.88241 34.60200 samples: 995 1000
43 76.67671 34.00000 samples: 996 911
44 77.52744 34.53550 samples: 984 986
45 78.57959 34.44400 samples: 980 1000
46 87.90808 34.06463 samples: 990 882
47 88.45628 34.59660 samples: 995 999
48 89.98596 34.66172 samples: 997 943
49 91.05226 34.94183 samples: 995 997
50 92.46131 34.10341 samples: 995 851
51 93.87588 34.45400 samples: 999 1000
52 95.01103 34.51600 samples: 997 1000
53 96.08609 34.08352 samples: 999 886
54 97.56160 34.11111 samples: 974 855
55 98.54904 34.01917 samples: 989 991
56 99.58081 34.58600 samples: 990 1000
57 101.00000 34.00000 samples: 994 920
58 101.85467 34.08111 samples: 984 900
59 103.64004 34.15765 samples: 964 869
60 104.61491 34.07522 samples: 979 904
61 106.35288 34.18397 samples: 972 973
62 106.86660 34.61514 samples: 997 951
63 108.60499 35.04564 samples: 962 964
64 109.91489 34.67606 samples: 987 994
65 111.41322 34.12357 samples: 968 874
66 112.56807 34.11253 samples: 977 862
67 114.12412 34.47447 samples: 999 999
68 115.06018 34.00000 samples: 997 882
69 116.98098 34.10983 samples: 999 865
70 117.92893 34.00000 samples: 999 867
71 119.23963 34.08294 samples: 964 856
72 120.68342 34.41642 samples: 995 999
73 121.95543 34.07478 samples: 920 896
74 123.36771 34.11494 samples: 960 870
75 125.00505 35.16667 samples: 991 996
76 125.91405 34.09163 samples: 989 884
77 127.47697 34.09386 samples: 977 863
78 128.81672 34.78879 samples: 993 999
79 130.20909 34.06057 samples: 990 908
80 131.51988 34.47200 samples: 981 1000
81 135.98830 35.18919 samples: 940 999
82 136.54661 35.88404 samples: 944 940
83 135.47548 35.55169 samples: 999 977
84 137.03822 34.90791 samples: 968 999
85 138.26310 34.68036 samples: 992 998
86 139.31557 34.50863 samples: 976 985
87 141.34423 34.07676 samples: 979 925
88 142.35843 34.11356 samples: 996 863
89 143.69416 34.15000 samples: 994 860
90 145.01951 35.06721 samples: 974 982
91 146.52775 34.01289 samples: 991 931
92 147.56884 34.35908 samples: 995 997
93 147.51636 34.62500 samples: 978 984
94 147.54592 34.11583 samples: 980 872
95 147.42272 35.20921 samples: 977 999
96 147.58316 34.00000 samples: 974 856
97 147.65333 34.41100 samples: 975 1000
98 147.65217 34.45700 samples: 966 1000
99 147.48008 34.00000 samples: 979 857
100 147.65492 34.10903 samples: 965 853
